3996.40794	0.0114345690
3994.47917	0.0115470821
3992.55040	0.0116777057
3990.62163	0.0118268300
3988.69287	0.0119850254
3986.76410	0.0121402182
3984.83533	0.0122932559
3982.90656	0.0124648875
3980.97779	0.0126561765
3979.04902	0.0128574679
3977.12026	0.0130610140
3975.19149	0.0132660428
3973.26272	0.0134844398
3971.33395	0.0137315597
3969.40518	0.0140155796
3967.47641	0.0143211344
3965.54765	0.0146241998
3963.61888	0.0149124479
3961.69011	0.0152134597
3959.76134	0.0155571513
3957.83257	0.0159344375
3955.90380	0.0163398180
3953.97504	0.0167610459
3952.04627	0.0171678718
3950.11750	0.0175706577
3948.18873	0.0180548187
3946.25996	0.0186215192
3944.33120	0.0191729162
3942.40243	0.0197651330
3940.47366	0.0205014218
3938.54489	0.0213019755
3936.61612	0.0220516585
3934.68735	0.0227382053
3932.75859	0.0234585721
3930.82982	0.0243580360
3928.90105	0.0254090279
3926.97228	0.0264569856
3925.04351	0.0275147054
3923.11474	0.0286874864
3921.18598	0.0299233403
3919.25721	0.0311557967
3917.32844	0.0325183757
3915.39967	0.0341155194
3913.47090	0.0357975960
3911.54213	0.0374259688
3909.61337	0.0390040576
3907.68460	0.0404639989
3905.75583	0.0417568423
3903.82706	0.0430913083
3901.89829	0.0446889810
3899.96952	0.0465480015
3898.04076	0.0485283844
3896.11199	0.0503899083
3894.18322	0.0519563816
3892.25445	0.0533366837
3890.32568	0.0548208207
3888.39691	0.0562845841
3886.46815	0.0575064197
3884.53938	0.0587292127
3882.61061	0.0600352585
3880.68184	0.0612941757
3878.75307	0.0625705943
3876.82430	0.0636687428
3874.89554	0.0644924715
3872.96677	0.0652863830
3871.03800	0.0660890713
3869.10923	0.0669360310
3867.18046	0.0678193644
3865.25169	0.0685029849
3863.32293	0.0690903366
3861.39416	0.0698531196
3859.46539	0.0706854090
3857.53662	0.0712558702
3855.60785	0.0712674335
3853.67908	0.0709727854
3851.75032	0.0713816136
3849.82155	0.0723292008
3847.89278	0.0730613694
3845.96401	0.0733063743
3844.03524	0.0731913149
3842.10647	0.0730730072
3840.17771	0.0729306936
3838.24894	0.0724977702
3836.32017	0.0721439719
3834.39140	0.0721447393
3832.46263	0.0722326189
3830.53386	0.0723384321
3828.60510	0.0722769126
3826.67633	0.0719210356
3824.74756	0.0713456720
3822.81879	0.0701965094
3820.89002	0.0688644424
3818.96125	0.0685263202
3817.03249	0.0684763417
3815.10372	0.0680444390
3813.17495	0.0676268265
3811.24618	0.0670491457
3809.31741	0.0662462190
3807.38865	0.0653852820
3805.45988	0.0645285994
3803.53111	0.0634452924
3801.60234	0.0619194992
3799.67357	0.0609682985
3797.74480	0.0609958246
3795.81604	0.0610627048
3793.88727	0.0605506711
3791.95850	0.0596463829
3790.02973	0.0585230365
3788.10096	0.0572445020
3786.17219	0.0564705394
3784.24343	0.0565352514
3782.31466	0.0565407351
3780.38589	0.0555568673
3778.45712	0.0540995076
3776.52835	0.0532280840
3774.59958	0.0528764762
3772.67082	0.0526068732
3770.74205	0.0523005277
3768.81328	0.0519286655
3766.88451	0.0513412096
3764.95574	0.0506897308
3763.02697	0.0502488539
3761.09821	0.0498955846
3759.16944	0.0496218167
3757.24067	0.0495371744
3755.31190	0.0494078211
3753.38313	0.0487550944
3751.45436	0.0474503152
3749.52560	0.0465989783
3747.59683	0.0468086228
3745.66806	0.0470562130
3743.73929	0.0467850380
3741.81052	0.0464658290
3739.88175	0.0460885353
3737.95299	0.0454801209
3736.02422	0.0449952818
3734.09545	0.0450129993
3732.16668	0.0454938039
3730.23791	0.0460564159
3728.30914	0.0462242477
3726.38038	0.0458849072
3724.45161	0.0454690568
3722.52284	0.0455587432
3720.59407	0.0462126993
3718.66530	0.0469050184
3716.73653	0.0471913889
3714.80777	0.0470202118
3712.87900	0.0465546288
3710.95023	0.0461724512
3709.02146	0.0463195927
3707.09269	0.0465807654
3705.16392	0.0462250225
3703.23516	0.0459079556
3701.30639	0.0463727005
3699.37762	0.0469358452
3697.44885	0.0480170324
3695.52008	0.0500287972
3693.59131	0.0512166210
3691.66255	0.0511511788
3689.73378	0.0520743839
3687.80501	0.0549679250
3685.87624	0.0579631925
3683.94747	0.0600166805
3682.01870	0.0616481639
3680.08994	0.0633317381
3678.16117	0.0650203899
3676.23240	0.0672786310
3674.30363	0.0706095397
3672.37486	0.0741478354
3670.44609	0.0780309886
3668.51733	0.0823130310
3666.58856	0.0861206874
3664.65979	0.0897206366
3662.73102	0.0939461365
3660.80225	0.0988988429
3658.87349	0.1035644338
3656.94472	0.1080163047
3655.01595	0.1131559312
3653.08718	0.1181166694
3651.15841	0.1224916875
3649.22964	0.1278237104
3647.30088	0.1348050684
3645.37211	0.1415785551
3643.44334	0.1471383125
3641.51457	0.1520470530
3639.58580	0.1572249979
3637.65703	0.1626856923
3635.72827	0.1681212187
3633.79950	0.1737384945
3631.87073	0.1790559143
3629.94196	0.1845571399
3628.01319	0.1912216395
3626.08442	0.1972726285
3624.15566	0.2019289732
3622.22689	0.2062304318
3620.29812	0.2115567327
3618.36935	0.2183790654
3616.44058	0.2248942107
3614.51181	0.2303556204
3612.58305	0.2355276197
3610.65428	0.2403593957
3608.72551	0.2452785671
3606.79674	0.2509251237
3604.86797	0.2565963864
3602.93920	0.2620033920
3601.01044	0.2675386369
3599.08167	0.2729352415
3597.15290	0.2777246237
3595.22413	0.2824954093
3593.29536	0.2877970338
3591.36659	0.2930098176
3589.43783	0.2980305254
3587.50906	0.3038630486
3585.58029	0.3102109730
3583.65152	0.3156243563
3581.72275	0.3201659024
3579.79398	0.3248203397
3577.86522	0.3302372098
3575.93645	0.3359757662
3574.00768	0.3412899077
3572.07891	0.3458844125
3570.15014	0.3498290777
3568.22137	0.3543650210
3566.29261	0.3602028489
3564.36384	0.3659838438
3562.43507	0.3710607886
3560.50630	0.3759510517
3558.57753	0.3806824684
3556.64876	0.3850296438
3554.72000	0.3892349899
3552.79123	0.3936694264
3550.86246	0.3981807828
3548.93369	0.4023612440
3547.00492	0.4067361653
3545.07615	0.4116097391
3543.14739	0.4161033630
3541.21862	0.4198089540
3539.28985	0.4231811762
3537.36108	0.4268114865
3535.43231	0.4306178093
3533.50354	0.4340230227
3531.57478	0.4369248450
3529.64601	0.4398468733
3527.71724	0.4431307912
3525.78847	0.4464880228
3523.85970	0.4496888220
3521.93094	0.4526056945
3520.00217	0.4551638067
3518.07340	0.4575581253
3516.14463	0.4598859847
3514.21586	0.4619818628
3512.28709	0.4638631046
3510.35833	0.4658800662
3508.42956	0.4679845572
3506.50079	0.4697147012
3504.57202	0.4713839591
3502.64325	0.4734442532
3500.71448	0.4752192199
3498.78572	0.4764101207
3496.85695	0.4776096344
3494.92818	0.4789357483
3492.99941	0.4800707102
3491.07064	0.4809879363
3489.14187	0.4820028841
3487.21311	0.4831274152
3485.28434	0.4839817882
3483.35557	0.4847238660
3481.42680	0.4858403504
3479.49803	0.4869006574
3477.56926	0.4874285161
3475.64050	0.4879229069
3473.71173	0.4887062609
3471.78296	0.4896497428
3469.85419	0.4906244576
3467.92542	0.4913698137
3465.99665	0.4916999638
3464.06789	0.4918589294
3462.13912	0.4922915399
3460.21035	0.4929514527
3458.28158	0.4934768081
3456.35281	0.4938930571
3454.42404	0.4943579137
3452.49528	0.4947927296
3450.56651	0.4950678647
3448.63774	0.4954071939
3446.70897	0.4960916340
3444.78020	0.4967689216
3442.85143	0.4972259700
3440.92267	0.4977555275
3438.99390	0.4984260499
3437.06513	0.4990890622
3435.13636	0.4994990826
3433.20759	0.4996350408
3431.27882	0.4998107553
3429.35006	0.5000492930
3427.42129	0.5001326799
3425.49252	0.5000907779
3423.56375	0.5001180768
3421.63498	0.5003674030
3419.70621	0.5007266402
3417.77745	0.5009046793
3415.84868	0.5009809732
3413.91991	0.5011498928
3411.99114	0.5012874007
3410.06237	0.5012880564
3408.13360	0.5011987686
3406.20484	0.5010945797
3404.27607	0.5011904836
3402.34730	0.5015262961
3400.41853	0.5016323924
3398.48976	0.5013008118
3396.56099	0.5009208322
3394.63223	0.5008057356
3392.70346	0.5009095669
3390.77469	0.5008542538
3388.84592	0.5004321933
3386.91715	0.5000029206
3384.98839	0.4998232126
3383.05962	0.4997474551
3381.13085	0.4996399879
3379.20208	0.4995014071
3377.27331	0.4993789792
3375.34454	0.4992564619
3373.41578	0.4991529882
3371.48701	0.4991407990
3369.55824	0.4991481602
3367.62947	0.4990483224
3365.70070	0.4988536239
3363.77193	0.4986668229
3361.84317	0.4985466599
3359.91440	0.4984637499
3357.98563	0.4983570874
3356.05686	0.4982600808
3354.12809	0.4981994629
3352.19932	0.4981435239
3350.27056	0.4980818331
3348.34179	0.4979645312
3346.41302	0.4977969825
3344.48425	0.4976157248
3342.55548	0.4974083006
3340.62671	0.4971462190
3338.69795	0.4968517423
3336.76918	0.4965892136
3334.84041	0.4962970912
3332.91164	0.4958794415
3330.98287	0.4953501225
3329.05410	0.4947653413
3327.12534	0.4941435158
3325.19657	0.4935044646
3323.26780	0.4928252101
3321.33903	0.4920303822
3319.41026	0.4911336005
3317.48149	0.4901548028
3315.55273	0.4890699387
3313.62396	0.4878642857
3311.69519	0.4865239263
3309.76642	0.4850685298
3307.83765	0.4835555553
3305.90888	0.4820109904
3303.98012	0.4804279804
3302.05135	0.4787570834
3300.12258	0.4768940806
3298.19381	0.4748506844
3296.26504	0.4726981521
3294.33627	0.4704556763
3292.40751	0.4681545794
3290.47874	0.4657927155
3288.54997	0.4632932246
3286.62120	0.4605886042
3284.69243	0.4577093124
3282.76366	0.4547066987
3280.83490	0.4515908062
3278.90613	0.4483375847
3276.97736	0.4449541271
3275.04859	0.4414958656
3273.11982	0.4379634261
3271.19105	0.4343634248
3269.26229	0.4307366908
3267.33352	0.4270552695
3265.40475	0.4232636392
3263.47598	0.4193597138
3261.54721	0.4153448045
3259.61844	0.4112258852
3257.68968	0.4070307910
3255.76091	0.4028153419
3253.83214	0.3986347020
3251.90337	0.3944265246
3249.97460	0.3901103437
3248.04583	0.3857384324
3246.11707	0.3814360201
3244.18830	0.3772160113
3242.25953	0.3729707301
3240.33076	0.3686696291
3238.40199	0.3643475771
3236.47323	0.3599930704
3234.54446	0.3556263149
3232.61569	0.3513539732
3230.68692	0.3471858501
3228.75815	0.3430123925
3226.82938	0.3388008475
3224.90062	0.3345735967
3222.97185	0.3303368986
3221.04308	0.3261053562
3219.11431	0.3219055831
3217.18554	0.3177376091
3215.25677	0.3135853410
3213.32801	0.3094537556
3211.39924	0.3053363562
3209.47047	0.3012267351
3207.54170	0.2971419394
3205.61293	0.2930975854
3203.68416	0.2890851796
3201.75540	0.2850846946
3199.82663	0.2810952663
3197.89786	0.2771396935
3195.96909	0.2732359767
3194.04032	0.2693653405
3192.11155	0.2655136585
3190.18279	0.2617005110
3188.25402	0.2579403818
3186.32525	0.2542262077
3184.39648	0.2505488694
3182.46771	0.2469117641
3180.53894	0.2433239222
3178.61018	0.2398003638
3176.68141	0.2363507897
3174.75264	0.2329616100
3172.82387	0.2296204418
3170.89510	0.2263368666
3168.96633	0.2231245339
3167.03757	0.2199812382
3165.10880	0.2169012576
3163.18003	0.2138826251
3161.25126	0.2109278888
3159.32249	0.2080373913
3157.39372	0.2051895857
3155.46496	0.2023358643
3153.53619	0.1995160580
3151.60742	0.1968934387
3149.67865	0.1944721639
3147.74988	0.1920783371
3145.82111	0.1896555573
3143.89235	0.1872308552
3141.96358	0.1847861707
3140.03481	0.1823825091
3138.10604	0.1801567376
3136.17727	0.1780799180
3134.24850	0.1760023683
3132.31974	0.1738866270
3130.39097	0.1718071252
3128.46220	0.1698271632
3126.53343	0.1679160893
3124.60466	0.1659832895
3122.67589	0.1639728099
3120.74713	0.1619634330
3118.81836	0.1600957811
3116.88959	0.1584149599
3114.96082	0.1569202095
3113.03205	0.1555137932
3111.10328	0.1540078968
3109.17452	0.1524358690
3107.24575	0.1509818286
3105.31698	0.1496169865
3103.38821	0.1482011229
3101.45944	0.1467468739
3099.53068	0.1453793943
3097.60191	0.1441389024
3095.67314	0.1429385841
3093.74437	0.1416999996
3091.81560	0.1404315233
3089.88683	0.1392253190
3087.95807	0.1380882561
3086.02930	0.1369211972
3084.10053	0.1357434690
3082.17176	0.1346036494
3080.24299	0.1334972382
3078.31422	0.1325084269
3076.38546	0.1316864491
3074.45669	0.1309007704
3072.52792	0.1300339848
3070.59915	0.1290895343
3068.67038	0.1281271726
3066.74161	0.1272628754
3064.81285	0.1265379041
3062.88408	0.1258451343
3060.95531	0.1250790954
3059.02654	0.1242077425
3057.09777	0.1232918203
3055.16900	0.1224273443
3053.24024	0.1216179729
3051.31147	0.1208575293
3049.38270	0.1201877221
3047.45393	0.1195656061
3045.52516	0.1189428121
3043.59639	0.1183803380
3041.66763	0.1179592460
3039.73886	0.1176741049
3037.81009	0.1173909903
3035.88132	0.1170408726
3033.95255	0.1167514548
3032.02378	0.1165959537
3030.09502	0.1164897904
3028.16625	0.1163474023
3026.23748	0.1161621138
3024.30871	0.1160259247
3022.37994	0.1159956902
3020.45117	0.1160197034
3018.52241	0.1160780638
3016.59364	0.1161805466
3014.66487	0.1163546443
3012.73610	0.1166905984
3010.80733	0.1172482073
3008.87856	0.1179572418
3006.94980	0.1186837330
3005.02103	0.1194023788
3003.09226	0.1201884374
3001.16349	0.1210595518
2999.23472	0.1219915822
2997.30595	0.1230428517
2995.37719	0.1242372766
2993.44842	0.1255262345
2991.51965	0.1269485056
2989.59088	0.1284799427
2987.66211	0.1299883425
2985.73334	0.1314310431
2983.80458	0.1328261048
2981.87581	0.1342142820
2979.94704	0.1356691718
2978.01827	0.1371718645
2976.08950	0.1386098862
2974.16073	0.1399713606
2972.23197	0.1412997395
2970.30320	0.1425406337
2968.37443	0.1436109692
2966.44566	0.1444403678
2964.51689	0.1449707896
2962.58813	0.1452455670
2960.65936	0.1453842819
2958.73059	0.1454474926
2956.80182	0.1454155743
2954.87305	0.1452710330
2952.94428	0.1451166123
2951.01552	0.1450867504
2949.08675	0.1451435089
2947.15798	0.1452394575
2945.22921	0.1454639584
2943.30044	0.1458461732
2941.37167	0.1462385654
2939.44291	0.1464779228
2937.51414	0.1465263516
2935.58537	0.1464039385
2933.65660	0.1461047232
2931.72783	0.1456220746
2929.79906	0.1450434029
2927.87030	0.1444415301
2925.94153	0.1437356174
2924.01276	0.1428914517
2922.08399	0.1419854611
2920.15522	0.1410400420
2918.22645	0.1400373280
2916.29769	0.1389954239
2914.36892	0.1379861236
2912.44015	0.1370917112
2910.51138	0.1362640411
2908.58261	0.1353810430
2906.65384	0.1344294995
2904.72508	0.1334630549
2902.79631	0.1325522959
2900.86754	0.1317487508
2898.93877	0.1309962422
2897.01000	0.1302371323
2895.08123	0.1295168847
2893.15247	0.1288630217
2891.22370	0.1282665879
2889.29493	0.1277699918
2887.36616	0.1273570955
2885.43739	0.1269593239
2883.50862	0.1265697479
2881.57986	0.1261552572
2879.65109	0.1256549209
2877.72232	0.1250276864
2875.79355	0.1242004782
2873.86478	0.1232157052
2871.93601	0.1222288683
2870.00725	0.1211910620
2868.07848	0.1200255901
2866.14971	0.1189047545
2864.22094	0.1179488525
2862.29217	0.1170708686
2860.36340	0.1162126139
2858.43464	0.1153989956
2856.50587	0.1146656424
2854.57710	0.1140816435
2852.64833	0.1135959923
2850.71956	0.1130879894
2848.79079	0.1126209274
2846.86203	0.1122855619
2844.93326	0.1121127531
2843.00449	0.1120421514
2841.07572	0.1119085550
2839.14695	0.1117923781
2837.21818	0.1119010150
2835.28942	0.1121549755
2833.36065	0.1124876589
2831.43188	0.1129220352
2829.50311	0.1132798046
2827.57434	0.1135027632
2825.64557	0.1137688607
2823.71681	0.1142760515
2821.78804	0.1151371300
2819.85927	0.1161247343
2817.93050	0.1168522313
2816.00173	0.1172919497
2814.07297	0.1178242266
2812.14420	0.1187855676
2810.21543	0.1201439574
2808.28666	0.1216812432
2806.35789	0.1230726093
2804.42912	0.1239688918
2802.50036	0.1247379407
2800.57159	0.1261635274
2798.64282	0.1281186193
2796.71405	0.1302004457
2794.78528	0.1324078888
2792.85651	0.1345142722
2790.92775	0.1365486681
2788.99898	0.1389307827
2787.07021	0.1417531669
2785.14144	0.1448711753
2783.21267	0.1482517868
2781.28390	0.1519497037
2779.35514	0.1560280919
2777.42637	0.1606399417
2775.49760	0.1657795906
2773.56883	0.1712392420
2771.64006	0.1770514548
2769.71129	0.1834043711
2767.78253	0.1904562712
2765.85376	0.1984105408
2763.92499	0.2073620856
2761.99622	0.2171712220
2760.06745	0.2276218385
2758.13868	0.2387236059
2756.20992	0.2506973147
2754.28115	0.2636900842
2752.35238	0.2778462172
2750.42361	0.2932150960
2748.49484	0.3095127642
2746.56607	0.3264262080
2744.63731	0.3438235521
2742.70854	0.3615518510
2740.77977	0.3792942464
2738.85100	0.3967959285
2736.92223	0.4139220119
2734.99346	0.4302809834
2733.06470	0.4453405738
2731.13593	0.4588390887
2729.20716	0.4706372023
2727.27839	0.4804462790
2725.34962	0.4879427254
2723.42085	0.4933085442
2721.49209	0.4977510273
2719.56332	0.5023019314
2717.63455	0.5064556003
2715.70578	0.5095154047
2713.77701	0.5116759539
2711.84824	0.5132038593
2709.91948	0.5142166018
2707.99071	0.5149938464
2706.06194	0.5157507062
2704.13317	0.5164346695
2702.20440	0.5169592500
2700.27563	0.5173788071
2698.34687	0.5176929832
2696.41810	0.5178176165
2694.48933	0.5178750753
2692.56056	0.5180988908
2690.63179	0.5185189247
2688.70302	0.5190134048
2686.77426	0.5194561481
2684.84549	0.5197025537
2682.91672	0.5196552277
2680.98795	0.5194283128
2679.05918	0.5192410946
2677.13042	0.5192300081
2675.20165	0.5193781853
2673.27288	0.5195610523
2671.34411	0.5197452307
2669.41534	0.5197992921
2667.48657	0.5195305347
2665.55781	0.5191406012
2663.62904	0.5188897252
2661.70027	0.5187345743
2659.77150	0.5185881853
2657.84273	0.5184567571
2655.91396	0.5184043050
2653.98520	0.5183641911
2652.05643	0.5181957483
2650.12766	0.5180711746
2648.19889	0.5181868076
2646.27012	0.5182526708
2644.34135	0.5180677176
2642.41259	0.5178697109
2640.48382	0.5176463127
2638.55505	0.5173900127
2636.62628	0.5175345540
2634.69751	0.5181131363
2632.76874	0.5186122656
2630.83998	0.5187766552
2628.91121	0.5187707543
2626.98244	0.5187325478
2625.05367	0.5185808539
2623.12490	0.5184718370
2621.19613	0.5188295245
2619.26737	0.5196019411
2617.33860	0.5203064680
2615.40983	0.5207073092
2613.48106	0.5209385753
2611.55229	0.5211253762
2609.62352	0.5211567879
2607.69476	0.5212244391
2605.76599	0.5217559338
2603.83722	0.5225199461
2601.90845	0.5230677128
2599.97968	0.5234549642
2598.05091	0.5238109827
2596.12215	0.5240820050
2594.19338	0.5242692232
2592.26461	0.5244935751
2590.33584	0.5248509049
2588.40707	0.5252701640
2586.47830	0.5256032944
2584.54954	0.5258029103
2582.62077	0.5259150863
2580.69200	0.5259920955
2578.76323	0.5260809064
2576.83446	0.5262140632
2574.90569	0.5263405442
2572.97693	0.5263840556
2571.04816	0.5263753533
2569.11939	0.5263512731
2567.19062	0.5262410641
2565.26185	0.5260525942
2563.33308	0.5259517431
2561.40432	0.5259693861
2559.47555	0.5259526968
2557.54678	0.5258419514
2555.61801	0.5256897211
2553.68924	0.5255289674
2551.76047	0.5253648758
2549.83171	0.5252040029
2547.90294	0.5250754952
2545.97417	0.5249930024
2544.04540	0.5249248743
2542.11663	0.5248460770
2540.18786	0.5247624516
2538.25910	0.5246896148
2536.33033	0.5246234536
2534.40156	0.5245646238
2532.47279	0.5245525837
2530.54402	0.5245948434
2528.61526	0.5246657133
2526.68649	0.5247535706
2524.75772	0.5248576403
2522.82895	0.5249823332
2520.90018	0.5251264572
2518.97141	0.5252921581
2517.04265	0.5254915357
2515.11388	0.5257357359
2513.18511	0.5260130167
2511.25634	0.5262917280
2509.32757	0.5265647173
2507.39880	0.5268501639
2505.47004	0.5271534920
2503.54127	0.5274755359
2501.61250	0.5278137326
2499.68373	0.5281423330
2497.75496	0.5284454823
2495.82619	0.5287334323
2493.89743	0.5290169716
2491.96866	0.5292808414
2490.03989	0.5295068622
2488.11112	0.5297122598
2486.18235	0.5299171805
2484.25358	0.5301063657
2482.32482	0.5302518010
2480.39605	0.5303510427
2478.46728	0.5304237008
2476.53851	0.5304801464
2474.60974	0.5305103660
2472.68097	0.5305092931
2470.75221	0.5304906964
2468.82344	0.5304588079
2466.89467	0.5303933620
2464.96590	0.5302925110
2463.03713	0.5301811099
2461.10836	0.5300590992
2459.17960	0.5299113989
2457.25083	0.5297368765
2455.32206	0.5295432806
2453.39329	0.5293453336
2451.46452	0.5291519761
2449.53575	0.5289511681
2447.60699	0.5287380815
2445.67822	0.5285266638
2443.74945	0.5283176303
2441.82068	0.5281112790
2439.89191	0.5279104114
2437.96314	0.5277101994
2436.03438	0.5275176167
2434.10561	0.5273519754
2432.17684	0.5272172093
2430.24807	0.5270959735
2428.31930	0.5269930363
2426.39053	0.5269228816
2424.46177	0.5268837214
2422.53300	0.5268669724
2420.60423	0.5268732309
2418.67546	0.5269110799
2416.74669	0.5269818306
2414.81792	0.5270711780
2412.88916	0.5271742940
2410.96039	0.5273022056
2409.03162	0.5274469256
2407.10285	0.5276004076
2405.17408	0.5277688503
2403.24531	0.5279536843
2401.31655	0.5281492472
2399.38778	0.5283489823
2397.45901	0.5285489559
2395.53024	0.5287408233
2393.60147	0.5289226174
2391.67271	0.5290762186
2389.74394	0.5291532874
2387.81517	0.5290759802
2385.88640	0.5287185311
2383.95763	0.5278972387
2382.02886	0.5264118910
2380.10010	0.5241678357
2378.17133	0.5212744474
2376.24256	0.5180381536
2374.31379	0.5148320198
2372.38502	0.5119395256
2370.45625	0.5094710588
2368.52749	0.5074096322
2366.59872	0.5057447553
2364.66995	0.5045474768
2362.74118	0.5039123893
2360.81241	0.5038998127
2358.88364	0.5046204329
2356.95488	0.5062187314
2355.02611	0.5089048147
2353.09734	0.5127795935
2351.16857	0.5162718892
2349.23980	0.5164972544
2347.31103	0.5131763220
2345.38227	0.5094190240
2343.45350	0.5077744126
2341.52473	0.5076906085
2339.59596	0.5080457926
2337.66719	0.5084735751
2335.73842	0.5088105202
2333.80966	0.5089367628
2331.88089	0.5090655684
2329.95212	0.5096105933
2328.02335	0.5104783177
2326.09458	0.5111969709
2324.16581	0.5117485523
2322.23705	0.5125387311
2320.30828	0.5137249827
2318.37951	0.5151116848
2316.45074	0.5163588524
2314.52197	0.5173467994
2312.59320	0.5182626843
2310.66444	0.5192340612
2308.73567	0.5201867223
2306.80690	0.5210300684
2304.87813	0.5217435360
2302.94936	0.5222980976
2301.02059	0.5227087140
2299.09183	0.5230196714
2297.16306	0.5232597589
2295.23429	0.5234392881
2293.30552	0.5235503912
2291.37675	0.5235981345
2289.44798	0.5235854983
2287.51922	0.5235105753
2285.59045	0.5233336687
2283.66168	0.5229954720
2281.73291	0.5224741101
2279.80414	0.5218256116
2277.87537	0.5211080909
2275.94661	0.5203168392
2274.01784	0.5194437504
2272.08907	0.5184821486
2270.16030	0.5174179673
2268.23153	0.5162320733
2266.30276	0.5149275661
2264.37400	0.5135048032
2262.44523	0.5119442940
2260.51646	0.5102389455
2258.58769	0.5083896518
2256.65892	0.5063975453
2254.73016	0.5042484999
2252.80139	0.5019410849
2250.87262	0.4994785786
2248.94385	0.4968600273
2247.01508	0.4940811396
2245.08631	0.4911359549
2243.15755	0.4880317152
2241.22878	0.4847722352
2239.30001	0.4813646674
2237.37124	0.4778097272
2235.44247	0.4741121233
2233.51370	0.4702808559
2231.58494	0.4663185179
2229.65617	0.4622285962
2227.72740	0.4580118954
2225.79863	0.4536778331
2223.86986	0.4492363930
2221.94109	0.4446916282
2220.01233	0.4400447309
2218.08356	0.4353025258
2216.15479	0.4304723740
2214.22602	0.4255568981
2212.29725	0.4205625653
2210.36848	0.4154967666
2208.43972	0.4103714526
2206.51095	0.4051977098
2204.58218	0.3999807537
2202.65341	0.3947208524
2200.72464	0.3894180357
2198.79587	0.3840792477
2196.86711	0.3787126243
2194.93834	0.3733204603
2193.00957	0.3679050803
2191.08080	0.3624758720
2189.15203	0.3570415080
2187.22326	0.3516012132
2185.29450	0.3461532295
2183.36573	0.3407068253
2181.43696	0.3352737129
2179.50819	0.3298565745
2177.57942	0.3244526386
2175.65065	0.3190656304
2173.72189	0.3137056530
2171.79312	0.3083819151
2169.86435	0.3030955791
2167.93558	0.2978429794
2166.00681	0.2926250398
2164.07804	0.2874470055
2162.14928	0.2823232412
2160.22051	0.2772617638
2158.29174	0.2722596824
2156.36297	0.2673166394
2154.43420	0.2624333501
2152.50543	0.2576121986
2150.57667	0.2528598011
2148.64790	0.2481787205
2146.71913	0.2435649186
2144.79036	0.2390202731
2142.86159	0.2345469296
2140.93282	0.2301484942
2139.00406	0.2258297205
2137.07529	0.2215899527
2135.14652	0.2174311429
2133.21775	0.2133517563
2131.28898	0.2093503326
2129.36021	0.2054270506
2127.43145	0.2015814781
2125.50268	0.1978142709
2123.57391	0.1941280216
2121.64514	0.1905276030
2119.71637	0.1870109141
2117.78760	0.1835700870
2115.85884	0.1802004427
2113.93007	0.1769112349
2112.00130	0.1737096906
2110.07253	0.1705901176
2108.14376	0.1675456315
2106.21500	0.1645754725
2104.28623	0.1616891921
2102.35746	0.1588843912
2100.42869	0.1561517268
2098.49992	0.1534933150
2096.57115	0.1509111822
2094.64239	0.1484003216
2092.71362	0.1459563226
2090.78485	0.1435781568
2088.85608	0.1412688792
2086.92731	0.1390373856
2084.99854	0.1368788034
2083.06978	0.1347841769
2081.14101	0.1327508241
2079.21224	0.1307777166
2077.28347	0.1288699508
2075.35470	0.1270249784
2073.42593	0.1252387017
2071.49717	0.1235073283
2069.56840	0.1218274012
2067.63963	0.1201947480
2065.71086	0.1186097413
2063.78209	0.1170893088
2061.85332	0.1156354845
2059.92456	0.1142330840
2057.99579	0.1128714457
2056.06702	0.1115493402
2054.13825	0.1102683172
2052.20948	0.1090292856
2050.28071	0.1078285947
2048.35195	0.1066620126
2046.42318	0.1055321246
2044.49441	0.1044344082
2042.56564	0.1033678278
2040.63687	0.1023446545
2038.70810	0.1013673246
2036.77934	0.1004194692
2034.85057	0.0994929671
2032.92180	0.0985926762
2030.99303	0.0977174938
2029.06426	0.0968677849
2027.13549	0.0960412696
2025.20673	0.0952399224
2023.27796	0.0944624394
2021.34919	0.0936973020
2019.42042	0.0929328054
2017.49165	0.0921889544
2015.56288	0.0915092900
2013.63412	0.0908772796
2011.70535	0.0902484506
2009.77658	0.0896188393
2007.84781	0.0890043750
2005.91904	0.0884109586
2003.99027	0.0878336281
2002.06151	0.0872699767
2000.13274	0.0867183730
1998.20397	0.0861835927
1996.27520	0.0856573582
1994.34643	0.0851081386
1992.41766	0.0845582038
1990.48890	0.0840867385
1988.56013	0.0836866796
1986.63136	0.0832971558
1984.70259	0.0829084143
1982.77382	0.0825204253
1980.84505	0.0821406692
1978.91629	0.0817800239
1976.98752	0.0814405084
1975.05875	0.0811229050
1973.12998	0.0808243379
1971.20121	0.0805362314
1969.27245	0.0802389085
1967.34368	0.0799719393
1965.41491	0.0797984526
1963.48614	0.0796806663
1961.55737	0.0795552954
1959.62860	0.0794291496
1957.69984	0.0793173313
1955.77107	0.0792180672
1953.84230	0.0791418105
1951.91353	0.0790891647
1949.98476	0.0790444165
1948.05599	0.0789941996
1946.12723	0.0789185390
1944.19846	0.0788129121
1942.26969	0.0787803531
1940.34092	0.0788898915
1938.41215	0.0790157840
1936.48338	0.0790757462
1934.55462	0.0791123956
1932.62585	0.0791583359
1930.69708	0.0792170092
1928.76831	0.0792819113
1926.83954	0.0793257877
1924.91077	0.0793146938
1922.98201	0.0793109015
1921.05324	0.0793546885
1919.12447	0.0793804154
1917.19570	0.0794808120
1915.26693	0.0797089040
1913.33816	0.0798848197
1911.40940	0.0799454302
1909.48063	0.0800009444
1907.55186	0.0801267624
1905.62309	0.0802841559
1903.69432	0.0804234147
1901.76555	0.0805495977
1899.83679	0.0806644410
1897.90802	0.0807405040
1895.97925	0.0807944983
1894.05048	0.0808822438
1892.12171	0.0809469894
1890.19294	0.0809773728
1888.26418	0.0811254308
1886.33541	0.0813750625
1884.40664	0.0815867260
1882.47787	0.0817687735
1880.54910	0.0819641575
1878.62033	0.0821746364
1876.69157	0.0824048445
1874.76280	0.0826445594
1872.83403	0.0828178152
1870.90526	0.0828439742
1868.97649	0.0829404369
1867.04772	0.0834021270
1865.11896	0.0840360373
1863.19019	0.0845583603
1861.26142	0.0849731937
1859.33265	0.0853825957
1857.40388	0.0858167708
1855.47511	0.0862681717
1853.54635	0.0867241845
1851.61758	0.0871616006
1849.68881	0.0875485912
1847.76004	0.0878245682
1845.83127	0.0880101398
1843.90250	0.0884306356
1841.97374	0.0892347023
1840.04497	0.0900001600
1838.11620	0.0905586034
1836.18743	0.0910687596
1834.25866	0.0915376395
1832.32990	0.0918237045
1830.40113	0.0920608118
1828.47236	0.0925464034
1826.54359	0.0931285918
1824.61482	0.0937077403
1822.68605	0.0943686292
1820.75729	0.0949701816
1818.82852	0.0954364613
1816.89975	0.0958549157
1814.97098	0.0962550342
1813.04221	0.0965615287
1811.11344	0.0968469456
1809.18468	0.0972437412
1807.25591	0.0976951271
1805.32714	0.0980441570
1803.39837	0.0982177258
1801.46960	0.0983526930
1799.54083	0.0986608639
1797.61207	0.0990933701
1795.68330	0.0993418619
1793.75453	0.0993578061
1791.82576	0.0995755568
1789.89699	0.1002190262
1787.96822	0.1008182615
1786.03946	0.1011540368
1784.11069	0.1014601812
1782.18192	0.1018046960
1780.25315	0.1021913067
1778.32438	0.1026235372
1776.39561	0.1029176936
1774.46685	0.1029350534
1772.53808	0.1030112058
1770.60931	0.1036065593
1768.68054	0.1044861600
1766.75177	0.1053521782
1764.82300	0.1059879214
1762.89424	0.1064152792
1760.96547	0.1069861427
1759.03670	0.1076957881
1757.10793	0.1083948687
1755.17916	0.1091257259
1753.25039	0.1097166911
1751.32163	0.1101699919
1749.39286	0.1109425128
1747.46409	0.1120461375
1745.53532	0.1131626889
1743.60655	0.1141168848
1741.67778	0.1149567366
1739.74902	0.1160035059
1737.82025	0.1171036065
1735.89148	0.1178802550
1733.96271	0.1189043447
1732.03394	0.1207097471
1730.10517	0.1225446835
1728.17641	0.1242028177
1726.24764	0.1257258952
1724.31887	0.1272175312
1722.39010	0.1287107468
1720.46133	0.1298061758
1718.53256	0.1307846457
1716.60380	0.1324722469
1714.67503	0.1347723454
1712.74626	0.1369340718
1710.81749	0.1388081610
1708.88872	0.1404764950
1706.95995	0.1421733797
1705.03119	0.1442487985
1703.10242	0.1462869346
1701.17365	0.1487459987
1699.24488	0.1524880528
1697.31611	0.1568389982
1695.38734	0.1623855531
1693.45858	0.1688824743
1691.52981	0.1754411906
1689.60104	0.1827235669
1687.67227	0.1899676621
1685.74350	0.1974600106
1683.81474	0.2076748163
1681.88597	0.2182819694
1679.95720	0.2273928523
1678.02843	0.2363959402
1676.09966	0.2467001975
1674.17089	0.2583555281
1672.24213	0.2689171731
1670.31336	0.2795848548
1668.38459	0.2916734517
1666.45582	0.3020562232
1664.52705	0.3113049269
1662.59828	0.3224418759
1660.66952	0.3343745768
1658.74075	0.3439563513
1656.81198	0.3498354256
1654.88321	0.3524805009
1652.95444	0.3543485403
1651.02567	0.3544586003
1649.09691	0.3515689373
1647.16814	0.3483199775
1645.23937	0.3459854424
1643.31060	0.3432549834
1641.38183	0.3395426571
1639.45306	0.3350736201
1637.52430	0.3299858570
1635.59553	0.3249748051
1633.66676	0.3206577301
1631.73799	0.3158077598
1629.80922	0.3098306954
1627.88045	0.3033140302
1625.95169	0.2970343530
1624.02292	0.2913155258
1622.09415	0.2863014042
1620.16538	0.2821167409
1618.23661	0.2789152861
1616.30784	0.2773027420
1614.37908	0.2765041292
1612.45031	0.2753062248
1610.52154	0.2739280760
1608.59277	0.2727926970
1606.66400	0.2718943357
1604.73523	0.2713381052
1602.80647	0.2716951668
1600.87770	0.2727138102
1598.94893	0.2737198472
1597.02016	0.2747850120
1595.09139	0.2761566639
1593.16262	0.2777178884
1591.23386	0.2793266177
1589.30509	0.2809294760
1587.37632	0.2822605669
1585.44755	0.2833683491
1583.51878	0.2843587697
1581.59001	0.2849351466
1579.66125	0.2849453390
1577.73248	0.2851170897
1575.80371	0.2865967751
1573.87494	0.2884945869
1571.94617	0.2898107767
1570.01740	0.2916865647
1568.08864	0.2944297791
1566.15987	0.2967849672
1564.23110	0.2981981039
1562.30233	0.2983286679
1560.37356	0.2985166013
1558.44479	0.3020507693
1556.51603	0.3063700497
1554.58726	0.3088723123
1552.65849	0.3106169999
1550.72972	0.3114162385
1548.80095	0.3109203577
1546.87219	0.3094324172
1544.94342	0.3075683713
1543.01465	0.3052924573
1541.08588	0.3028739691
1539.15711	0.3014368415
1537.22834	0.2996914685
1535.29958	0.2969682217
1533.37081	0.2949173748
1531.44204	0.2942030728
1529.51327	0.2936353683
1527.58450	0.2926736772
1525.65573	0.2913558185
1523.72697	0.2907753289
1521.79820	0.2934226394
1519.86943	0.2988705933
1517.94066	0.3040382564
1516.01189	0.3072603643
1514.08312	0.3068021834
1512.15436	0.3044795096
1510.22559	0.3037587702
1508.29682	0.3053378165
1506.36805	0.3095305264
1504.43928	0.3140457571
1502.51051	0.3165245950
1500.58175	0.3191019893
1498.65298	0.3242212832
1496.72421	0.3321653008
1494.79544	0.3398648798
1492.86667	0.3447170258
1490.93790	0.3487335443
1489.00914	0.3551726341
1487.08037	0.3635532856
1485.15160	0.3713245690
1483.22283	0.3779955804
1481.29406	0.3843238652
1479.36529	0.3902761936
1477.43653	0.3952874839
1475.50776	0.3994362354
1473.57899	0.4041199684
1471.65022	0.4094340801
1469.72145	0.4132063091
1467.79268	0.4159016609
1465.86392	0.4186256230
1463.93515	0.4204413593
1462.00638	0.4201152921
1460.07761	0.4186404645
1458.14884	0.4186360538
1456.22007	0.4201173782
1454.29131	0.4192384183
1452.36254	0.4163686633
1450.43377	0.4138393402
1448.50500	0.4124684334
1446.57623	0.4116826355
1444.64746	0.4098905027
1442.71870	0.4060849547
1440.78993	0.4007232189
1438.86116	0.3944224119
1436.93239	0.3870573938
1435.00362	0.3799958825
1433.07485	0.3748405278
1431.14609	0.3704889417
1429.21732	0.3654650152
1427.28855	0.3593122661
1425.35978	0.3519983292
1423.43101	0.3439263105
1421.50224	0.3367729485
1419.57348	0.3317546546
1417.64471	0.3274458051
1415.71594	0.3216504157
1413.78717	0.3142365217
1411.85840	0.3066383302
1409.92964	0.3000606596
1408.00087	0.2941273451
1406.07210	0.2879213393
1404.14333	0.2813146114
1402.21456	0.2750397027
1400.28579	0.2691258490
1398.35703	0.2631834447
1396.42826	0.2574708760
1394.49949	0.2521978319
1392.57072	0.2472403944
1390.64195	0.2420278341
1388.71318	0.2361450642
1386.78442	0.2302167416
1384.85565	0.2250025421
1382.92688	0.2204596251
1380.99811	0.2158874869
1379.06934	0.2110529989
1377.14057	0.2069455832
1375.21181	0.2033596039
1373.28304	0.1996250451
1371.35427	0.1967030019
1369.42550	0.1948068887
1367.49673	0.1933502555
1365.56796	0.1919911653
1363.63920	0.1905705482
1361.71043	0.1895871758
1359.78166	0.1892482936
1357.85289	0.1890981495
1355.92412	0.1893419623
1353.99535	0.1902304590
1352.06659	0.1905082017
1350.13782	0.1897842586
1348.20905	0.1896981448
1346.28028	0.1904452741
1344.35151	0.1911820769
1342.42274	0.1917840242
1340.49398	0.1920770854
1338.56521	0.1925117373
1336.63644	0.1935388148
1334.70767	0.1946507543
1332.77890	0.1955104023
1330.85013	0.1961105466
1328.92137	0.1966390908
1326.99260	0.1975902170
1325.06383	0.1992428899
1323.13506	0.2012229413
1321.20629	0.2030062377
1319.27752	0.2043890357
1317.34876	0.2058067918
1315.41999	0.2082484514
1313.49122	0.2113489807
1311.56245	0.2137030065
1309.63368	0.2151662558
1307.70491	0.2166556865
1305.77615	0.2193467468
1303.84738	0.2232430279
1301.91861	0.2269022763
1299.98984	0.2297465205
1298.06107	0.2322614640
1296.13230	0.2350946665
1294.20354	0.2390228212
1292.27477	0.2439464331
1290.34600	0.2485603690
1288.41723	0.2528403103
1286.48846	0.2583291233
1284.55969	0.2648231089
1282.63093	0.2712304890
1280.70216	0.2781938612
1278.77339	0.2863651514
1276.84462	0.2949701548
1274.91585	0.3034666181
1272.98708	0.3126583099
1271.05832	0.3232593536
1269.12955	0.3347698450
1267.20078	0.3468218446
1265.27201	0.3595860600
1263.34324	0.3727002442
1261.41448	0.3859395683
1259.48571	0.3996305764
1257.55694	0.4135247171
1255.62817	0.4269715250
1253.69940	0.4400836825
1251.77063	0.4534584284
1249.84187	0.4667881131
1247.91310	0.4790733457
1245.98433	0.4898363352
1244.05556	0.4990502000
1242.12679	0.5067569017
1240.19802	0.5130382776
1238.26926	0.5181292892
1236.34049	0.5226012468
1234.41172	0.5266777277
1232.48295	0.5299946666
1230.55418	0.5324814320
1228.62541	0.5344081521
1226.69665	0.5360178947
1224.76788	0.5373148918
1222.83911	0.5382652283
1220.91034	0.5393840075
1218.98157	0.5409184694
1217.05280	0.5423182845
1215.12404	0.5433588624
1213.19527	0.5442640781
1211.26650	0.5450251698
1209.33773	0.5454906821
1207.40896	0.5457811952
1205.48019	0.5462645292
1203.55143	0.5469149947
1201.62266	0.5473181009
1199.69389	0.5473386049
1197.76512	0.5470572114
1195.83635	0.5464119315
1193.90758	0.5453313589
1191.97882	0.5439330339
1190.05005	0.5422779918
1188.12128	0.5400947928
1186.19251	0.5370679498
1184.26374	0.5331880450
1182.33497	0.5285440087
1180.40621	0.5231431723
1178.47744	0.5170727372
1176.54867	0.5105029345
1174.61990	0.5035129786
1172.69113	0.4960936010
1170.76236	0.4883191586
1168.83360	0.4803631902
1166.90483	0.4723617136
1164.97606	0.4643915892
1163.04729	0.4565947652
1161.11852	0.4490573704
1159.18975	0.4416944981
1157.26099	0.4344852269
1155.33222	0.4275340736
1153.40345	0.4209022820
1151.47468	0.4145560265
1149.54591	0.4084832668
1147.61714	0.4027306736
1145.68838	0.3973166347
1143.75961	0.3922410607
1141.83084	0.3875078857
1139.90207	0.3831030726
1137.97330	0.3789932728
1136.04453	0.3751449883
1134.11577	0.3715502024
1132.18700	0.3682447076
1130.25823	0.3652271926
1128.32946	0.3623878360
1126.40069	0.3596352041
1124.47193	0.3570085168
1122.54316	0.3545755148
1120.61439	0.3523337245
1118.68562	0.3502654433
1116.75685	0.3483794332
1114.82808	0.3466798663
1112.89932	0.3451225162
1110.97055	0.3436424434
1109.04178	0.3421989083
1107.11301	0.3407493532
1105.18424	0.3392872810
1103.25547	0.3378425241
1101.32671	0.3364255726
1099.39794	0.3350289464
1097.46917	0.3336192667
1095.54040	0.3321602643
1093.61163	0.3306584656
1091.68286	0.3291421831
1089.75410	0.3276358247
1087.82533	0.3261492252
1085.89656	0.3246842623
1083.96779	0.3232164681
1082.03902	0.3216792345
1080.11025	0.3200920522
1078.18149	0.3185608089
1076.25272	0.3171362281
1074.32395	0.3158024848
1072.39518	0.3144979179
1070.46641	0.3131926060
1068.53764	0.3119282722
1066.60888	0.3107415736
1064.68011	0.3096116483
1062.75134	0.3085169196
1060.82257	0.3074792325
1058.89380	0.3064778149
1056.96503	0.3054640889
1055.03627	0.3044559658
1053.10750	0.3034880757
1051.17873	0.3025237620
1049.24996	0.3015274704
1047.32119	0.3005347550
1045.39242	0.2996128201
1043.46366	0.2987949550
1041.53489	0.2980617881
1039.60612	0.2974290550
1037.67735	0.2969359159
1035.74858	0.2966087461
1033.81981	0.2964763939
1031.89105	0.2965065539
1029.96228	0.2965968847
1028.03351	0.2966588438
1026.10474	0.2967184782
1024.17597	0.2968659103
1022.24720	0.2971331477
1020.31844	0.2974932492
1018.38967	0.2978595495
1016.46090	0.2981368601
1014.53213	0.2983709574
1012.60336	0.2986566424
1010.67459	0.2989530563
1008.74583	0.2991998792
1006.81706	0.2994299829
1004.88829	0.2996813655
1002.95952	0.2999537885
1001.03075	0.3002668321
999.10198	0.3005878329
997.17322	0.3008503318
995.24445	0.3010684848
993.31568	0.3012180626
991.38691	0.3012803495
989.45814	0.3012830615
987.52938	0.3012646139
985.60061	0.3013092577
983.67184	0.3013769686
981.74307	0.3013454676
979.81430	0.3012481034
977.88553	0.3011969030
975.95677	0.3011699617
974.02800	0.3011129200
972.09923	0.3010136783
970.17046	0.3007922173
968.24169	0.3003780544
966.31292	0.2998976111
964.38416	0.2995547354
962.45539	0.2993211150
960.52662	0.2991208732
958.59785	0.2989984751
956.66908	0.2989291549
954.74031	0.2987974286
952.81155	0.2985087931
950.88278	0.2981574833
948.95401	0.2979385853
947.02524	0.2978023887
945.09647	0.2975688279
943.16770	0.2973519862
941.23894	0.2973876894
939.31017	0.2977654040
937.38140	0.2982687950
935.45263	0.2985851765
933.52386	0.2989099026
931.59509	0.2996827960
929.66633	0.3007903695
927.73756	0.3014168739
925.80879	0.3013884425
923.88002	0.3015263081
921.95125	0.3023535013
920.02248	0.3035463989
918.09372	0.3040853143
916.16495	0.3037696183
914.23618	0.3037448823
912.30741	0.3051127195
910.37864	0.3073638678
908.44987	0.3089148104
906.52111	0.3090158701
904.59234	0.3080713451
902.66357	0.3079721034
900.73480	0.3099840283
898.80603	0.3124637008
896.87726	0.3141804636
894.94850	0.3168471158
893.01973	0.3196251094
891.09096	0.3187531233
889.16219	0.3156990111
887.23342	0.3136985898
885.30465	0.3136401474
883.37589	0.3163556755
881.44712	0.3157762587
879.51835	0.3066367209
877.58958	0.3023156226
875.66081	0.3101327121
873.73204	0.3172390759
871.80328	0.3226137757
869.87451	0.3293246329
867.94574	0.3254247010
866.01697	0.3171212673
864.08820	0.3135183752
862.15943	0.2950797975
860.23067	0.2559965551
858.30190	0.2075951546
856.37313	0.1855175346
854.44436	0.2660662830
852.51559	0.4285510182
850.58682	0.4689231515
848.65806	0.3540692627
846.72929	0.2483400702
844.80052	0.1515030116
842.87175	-0.0589123107
840.94298	-0.1627007872
839.01422	-0.0802481771
837.08545	0.0186482426
835.15668	0.0664427355
833.22791	0.0007110480
831.29914	0.0190371517
829.37037	0.0952447206
827.44161	0.1559177339
825.51284	0.2361647785
823.58407	0.2225085050
821.65530	0.1236931980
819.72653	0.1017998829
817.79776	0.1195585802
815.86900	0.2431463152
813.94023	0.1619836539
812.01146	0.3060306907
810.08269	0.3400409818
808.15392	0.3456690013
806.22515	0.4500331879
804.29639	0.5218172073
802.36762	0.4881079197
800.43885	0.3964461386
798.51008	0.3095624447
796.58131	0.1222875640
794.65254	0.0149209937
792.72378	0.1042349711
790.79501	0.2915025949
788.86624	0.4053148925
786.93747	0.3100857735
785.00870	0.1588900983
783.07993	0.0848632157
781.15117	0.1782878339
779.22240	0.4265361726
777.29363	0.7507100105
775.36486	0.7399476171
773.43609	0.4169265330
771.50732	0.0798519030
769.57856	-0.0545385629
767.64979	-0.0436827801
765.72102	-0.1069456786
763.79225	-0.0286266878
761.86348	-0.0305001047
759.93471	-0.0451580770
758.00595	-0.1033428609
756.07718	-0.0685129017
754.14841	0.2744493186
752.21964	0.3065587282
750.29087	0.3572808206
748.36210	0.3699879348
746.43334	0.1514480114
744.50457	0.0760363415
742.57580	0.1909933686
740.64703	0.0923784822
738.71826	0.1269490570
736.78949	0.2117120177
734.86073	0.2352945507
732.93196	0.3414649665
731.00319	0.3151980340
729.07442	0.1374163181
727.14565	0.0052751102
725.21688	-0.0800738409
723.28812	-0.0316083021
721.35935	-0.0302413981
719.43058	0.0442905501
717.50181	0.1546891928
715.57304	0.2357604057
713.64427	0.1289326847
711.71551	-0.0625679865
709.78674	-0.0925972760
707.85797	-0.0483664200
705.92920	0.0816330537
704.00043	0.0534022227
702.07167	0.0190150272
700.14290	0.0971897319
698.21413	0.0344474614
696.28536	-0.0922610313
694.35659	-0.0942126587
692.42782	0.0154850921
690.49906	-0.0042813853
688.57029	-0.1523583978
686.64152	-0.2714628875
684.71275	-0.0753140301
682.78398	0.1861815602
680.85521	0.2727089524
678.92645	0.1527308673
676.99768	-0.1039399728
675.06891	-0.0946225151
673.14014	-0.0375165083
671.21137	-0.0927022174
669.28260	-0.2527116835
667.35384	-0.2820095718
665.42507	-0.1463365853
663.49630	-0.0099340826
661.56753	-0.0064049768
659.63876	-0.0800657049
657.70999	-0.0599868037
655.78123	-0.0574463420
653.85246	-0.1021333262
651.92369	-0.2055894434
649.99492	-0.1237744540
648.06615	0.0475858748
646.13738	0.1286551803
644.20862	0.0715042800
642.27985	0.0850745738
640.35108	0.1693154126
638.42231	0.2028622180
636.49354	0.3061622083
634.56477	0.2958230078
632.63601	0.2733700275
630.70724	0.0671815947
628.77847	-0.1768914610
626.84970	-0.1662935466
624.92093	0.0667083561
622.99216	0.1875853837
621.06340	0.1447144598
619.13463	0.0803911760
617.20586	0.1022025421
615.27709	0.0784019604
613.34832	-0.0361169428
611.41955	-0.0866859257
609.49079	0.1762619764
607.56202	0.1808212698
605.63325	-0.0210109502
603.70448	-0.0068627391
601.77571	-0.0184281766
599.84694	-0.0481995605
597.91818	-0.0143800871
595.98941	-0.0880844072
594.06064	-0.2691003382
592.13187	-0.3409959674
590.20310	-0.4032773972
588.27433	-0.2703755498
586.34557	-0.1842314601
584.41680	0.0224148445
582.48803	0.1747482568
580.55926	0.1907081157
578.63049	0.0011198717
576.70172	-0.0117236953
574.77296	-0.0063764588
572.84419	-0.1036838070
570.91542	0.0483623520
568.98665	0.3996894658
567.05788	0.4851707816
565.12911	0.4375199378
563.20035	0.1525915861
561.27158	0.1385819316
559.34281	0.2436951548
557.41404	0.3141764998
555.48527	0.3189071715
553.55651	0.4387832284
551.62774	0.2994193137
549.69897	0.1466442496
547.77020	0.0771304071
545.84143	0.0963657722
543.91266	0.1395746917
541.98390	0.0388417095
540.05513	0.0180379003
538.12636	0.1044603512
536.19759	0.2327102721
534.26882	0.2890896499
532.34005	0.1282932907
530.41129	0.0974908546
528.48252	0.1250161976
526.55375	0.0995381176
524.62498	0.1703444719
522.69621	0.2341151237
520.76744	0.1557095051
518.83868	-0.0507313795
516.90991	-0.2187249362
514.98114	-0.2232114226
513.05237	-0.1248749495
511.12360	0.0044087311
509.19483	-0.0206424203
507.26607	-0.0926261768
505.33730	-0.0841807276
503.40853	-0.0232908595
501.47976	0.0335300118
499.55099	0.3561041057
497.62222	0.2417405695
495.69346	0.1143105403
493.76469	0.0171475131
491.83592	0.1033405066
489.90715	0.1190871373
487.97838	0.1241961345
486.04961	0.1598108858
484.12085	0.2842780650
482.19208	0.1885147691
480.26331	0.2661999166
478.33454	0.0724540949
476.40577	-0.0718983114
474.47700	0.0944585502
472.54824	0.3624010086
470.61947	0.2498512864
468.69070	0.0703562200
466.76193	-0.0752080232
464.83316	-0.1453588605
462.90439	-0.0749539882
460.97563	0.0584104061
459.04686	0.1196950600
457.11809	0.1094131991
455.18932	0.0426357128
453.26055	-0.0867975578
451.33178	-0.0394602753
449.40302	0.0072538503
447.47425	0.0382447988
445.54548	0.2243670821
443.61671	0.2463875562
441.68794	0.1584927291
439.75917	0.1376615912
437.83041	0.2627143562
435.90164	0.2934736907
433.97287	0.1980451643
432.04410	0.0544494353
430.11533	-0.1414549351
428.18656	-0.1757807285
426.25780	0.0452704877
424.32903	-0.1282449961
422.40026	-0.1720111221
420.47149	0.3519035280
418.54272	0.2896212339
416.61396	0.0429871529
414.68519	-0.3577890396
412.75642	-0.1384857297
410.82765	0.0918978453
408.89888	0.0553164072
406.97011	0.0791410953
405.04135	-0.0799769163
403.11258	-0.0093728062
401.18381	-0.0965376347
399.25504	-0.1151184812
